c
0.0 -10.0 0.0
v
8
-.5 -.5  .5  1 0 0   0.0   1.0
 .5 -.5  .5  1 0 0   1.0   1.0
-.5  .5  .5  1 0 0   0.0   1.0
 .5  .5  .5  1 0 0   1.0   -1.0
-.5  .5 -.5  1 0 0   0.0   -1.0
 .5  .5 -.5  1 0 0   1.0   -1.0
-.5 -.5 -.5  1 0 0   0.0   0.0
 .5 -.5 -.5  1 0 0   1.0   0.0
12
0 1 2  1 3 2  2 3 4  3 5 4  1 7 3  3 7 5  0 2 6  2 4 6  4 7 6  4 5 7  0 6 1  1 6 7
v
8
-.5 -.5  .5  1 0 0   0.33   .75
 .5 -.5  .5  1 0 0   0.66   .75
-.5  .5  .5  1 0 0   0.33   1.0
 .5  .5  .5  1 0 0   0.66   0.0
-.5  .5 -.5  1 0 0   0.33   0.25
 .5  .5 -.5  1 0 0   0.66   0.25
-.5 -.5 -.5  1 0 0   0.33   0.5
 .5 -.5 -.5  1 0 0   0.66   0.5
12
0 2 1  1 2 3  2 4 3  3 4 5  1 3 7  3 5 7  0 6 2  2 6 4  4 6 7  4 7 5  0 1 6  1 7 6
mh
1 0
-3.0 0.0 0.0
0
75 75 75
mh
0 1
0.0 0.0 0.0
.9
2.0 1.0 1.0
mh
0 2
0.0 0.0 3.0
1
1.5 1.5 1.0